# Right wall hit assessment
# Right wall is 3 layers at x = 100, 100.5, 101 m; inner face taken as x = 100 m
# Columns: step time_s front_x_m gap_to_inner_face_m rhop_min rhop_max rhop_mean press_min press_max press_mean Fx Fy Fz Fmag
0 0.00000000 15.00000000 85.00000000 1700.00000000 1700.00000000 1700.00000000 0.00000000 0.00000000 0.00000000 0.00000000 0.00000000 0.00000000 0.00000000
1 0.20000000 15.26173200 84.73826800 1700.00000000 1700.00000000 1700.00000000 0.00000000 0.00000000 0.00000000 nan nan nan nan
2 0.40000000 16.14076400 83.85923600 1700.00000000 1700.00000000 1700.00000000 0.00000000 0.00000000 0.00000000 nan nan nan nan
3 0.60000000 17.46724700 82.53275300 1700.00000000 1700.00000000 1700.00000000 0.00000000 0.00000000 0.00000000 nan nan nan nan
4 0.80000000 19.21901500 80.78098500 1700.00000000 1700.00000000 1700.00000000 0.00000000 0.00000000 0.00000000 nan nan nan nan
5 1.00000000 21.44454600 78.55545400 1700.00000000 1700.00000000 1700.00000000 0.00000000 0.00000000 0.00000000 0.20045300 0.00000000 0.00000000 0.20045300
6 1.20000000 24.19663400 75.80336600 1700.00000000 1700.00000000 1700.00000000 0.00000000 0.00000000 0.00000000 nan nan nan nan
7 1.40000000 27.26283800 72.73716200 1700.00000000 1700.00000000 1700.00000000 0.00000000 0.00000000 0.00000000 nan nan nan nan
8 1.60000000 30.52656600 69.47343400 1700.00000000 1700.00000000 1700.00000000 0.00000000 0.00000000 0.00000000 nan nan nan nan
9 1.80000000 34.00153000 65.99847000 1700.00000000 1700.00000000 1700.00000000 0.00000000 0.00000000 0.00000000 nan nan nan nan
10 2.00000000 37.59249900 62.40750100 1700.00000000 1700.00000000 1700.00000000 0.00000000 0.00000000 0.00000000 0.40020400 0.00000000 0.00000000 0.40020400
11 2.20000000 41.22761500 58.77238500 1700.00000000 1700.00000000 1700.00000000 0.00000000 0.00000000 0.00000000 nan nan nan nan
12 2.40000000 44.91959800 55.08040200 1700.00000000 1700.00000000 1700.00000000 0.00000000 0.00000000 0.00000000 nan nan nan nan
13 2.60000000 48.47612000 51.52388000 1700.00000000 1700.00000000 1700.00000000 0.00000000 0.00000000 0.00000000 nan nan nan nan
14 2.80000000 52.04074500 47.95925500 1700.00000000 1700.00000000 1700.00000000 0.00000000 0.00000000 0.00000000 nan nan nan nan
15 3.00000000 55.55418800 44.44581200 1700.00000000 1700.00000000 1700.00000000 0.00000000 0.00000000 0.00000000 0.60027200 0.00000000 0.00000000 0.60027200
16 3.20000000 59.09969300 40.90030700 1700.00000000 1700.00000000 1700.00000000 0.00000000 0.00000000 0.00000000 nan nan nan nan
17 3.40000000 62.48460000 37.51540000 1700.00000000 1700.00000000 1700.00000000 0.00000000 0.00000000 0.00000000 nan nan nan nan
18 3.60000000 65.69376400 34.30623600 1700.00000000 1700.00000000 1700.00000000 0.00000000 0.00000000 0.00000000 nan nan nan nan
19 3.80000000 68.78298200 31.21701800 1700.00000000 1700.00000000 1700.00000000 0.00000000 0.00000000 0.00000000 nan nan nan nan
20 4.00000000 71.72421300 28.27578700 1700.00000000 1700.00000000 1700.00000000 0.00000000 0.00000000 0.00000000 0.80031000 0.00000000 0.00000000 0.80031000
21 4.20000000 74.52475000 25.47525000 1700.00000000 1700.00000000 1700.00000000 0.00000000 0.00000000 0.00000000 nan nan nan nan
22 4.40000000 77.18521100 22.81478900 1700.00000000 1700.00000000 1700.00000000 0.00000000 0.00000000 0.00000000 nan nan nan nan
23 4.60000000 79.74049400 20.25950600 1700.00000000 1700.00000000 1700.00000000 0.00000000 0.00000000 0.00000000 nan nan nan nan
24 4.80000000 82.14447000 17.85553000 1700.00000000 1700.00000000 1700.00000000 0.00000000 0.00000000 0.00000000 nan nan nan nan
25 5.00000000 84.41456600 15.58543400 1700.00000000 1700.00000000 1700.00000000 0.00000000 0.00000000 0.00000000 1.00044300 0.00000000 0.00000000 1.00044300
26 5.20000000 86.55535100 13.44464900 1700.00000000 1700.00000000 1700.00000000 0.00000000 0.00000000 0.00000000 nan nan nan nan
27 5.40000000 88.52973200 11.47026800 1700.00000000 1700.00000000 1700.00000000 0.00000000 0.00000000 0.00000000 nan nan nan nan
28 5.60000000 90.33744800 9.66255200 1700.00000000 1700.00000000 1700.00000000 0.00000000 0.00000000 0.00000000 nan nan nan nan
29 5.80000000 91.97119100 8.02880900 1700.00000000 1700.00000000 1700.00000000 0.00000000 0.00000000 0.00000000 nan nan nan nan
30 6.00000000 93.45700800 6.54299200 1700.00000000 1700.00000000 1700.00000000 0.00000000 0.00000000 0.00000000 1.20016900 0.00000000 0.00000000 1.20016900
31 6.20000000 94.79288500 5.20711500 1700.00000000 1700.00000000 1700.00000000 0.00000000 0.00000000 0.00000000 nan nan nan nan
32 6.40000000 96.02299500 3.97700500 1700.00000000 1700.00000000 1700.00000000 0.00000000 0.00000000 0.00000000 nan nan nan nan
33 6.60000000 97.11918600 2.88081400 1700.00000000 1700.00000000 1700.00000000 0.00000000 0.00000000 0.00000000 nan nan nan nan
34 6.80000000 98.07699600 1.92300400 1700.00000000 1700.03280000 1700.00013173 0.00000000 950.33899000 3.81662245 nan nan nan nan
35 7.00000000 98.89156300 1.10843700 1700.00000000 1700.03280000 1700.00013173 0.00000000 950.33899000 3.81662245 1.40015100 0.00000000 0.00000000 1.40015100
36 7.20000000 99.07833100 0.92166900 1700.00000000 1700.03280000 1700.00013173 0.00000000 950.33899000 3.81662245 nan nan nan nan
37 7.40000000 99.08374800 0.91625200 1700.00000000 1700.03280000 1700.00013173 0.00000000 950.33899000 3.81662245 nan nan nan nan
38 7.60000000 99.12072800 0.87927200 1700.00000000 1700.03280000 1700.00013173 0.00000000 950.33899000 3.81662245 nan nan nan nan
39 7.80000000 99.11065700 0.88934300 1700.00000000 1700.03280000 1700.00013173 0.00000000 950.33899000 3.81662245 nan nan nan nan
40 8.00000000 99.09503900 0.90496100 1700.00000000 1700.03280000 1700.00013173 0.00000000 950.33899000 3.81662245 1.60041200 0.00000000 0.00000000 1.60041200
41 8.20000000 99.08902700 0.91097300 1700.00000000 1700.03280000 1700.00013173 0.00000000 950.33899000 3.81662245 nan nan nan nan
42 8.40000000 99.08052800 0.91947200 1700.00000000 1700.03280000 1700.00013173 0.00000000 950.33899000 3.81662245 nan nan nan nan
43 8.60000000 99.07461500 0.92538500 1700.00000000 1700.03280000 1700.00013173 0.00000000 950.33899000 3.81662245 nan nan nan nan
44 8.80000000 99.07077000 0.92923000 1700.00000000 1700.03280000 1700.00013173 0.00000000 950.33899000 3.81662245 nan nan nan nan
45 9.00000000 99.06785600 0.93214400 1700.00000000 1700.03280000 1700.00013173 0.00000000 950.33899000 3.81662245 1.80072500 0.00000000 0.00000000 1.80072500
46 9.20000000 99.06586500 0.93413500 1700.00000000 1700.03280000 1700.00013173 0.00000000 950.33899000 3.81662245 nan nan nan nan
47 9.40000000 99.06436900 0.93563100 1700.00000000 1700.03280000 1700.00015341 0.00000000 950.33899000 4.44087245 nan nan nan nan
48 9.60000000 99.06321700 0.93678300 1700.00000000 1700.12670000 1700.00064056 0.00000000 3667.71480000 18.54640076 nan nan nan nan
49 9.80000000 99.06227100 0.93772900 1700.00000000 1700.18420000 1700.00087149 0.00000000 5332.50780000 25.23231643 nan nan nan nan
50 10.00000000 99.06145500 0.93854500 1700.00000000 1700.11680000 1700.00060080 0.00000000 3381.44680000 17.39673008 2.00006300 0.00000000 0.00000000 2.00006300

# First detections
first_gap_le_1.0m 7.200000 s step 36
first_density_change 6.800000 s step 34 rhop_max 1700.03280000
first_pressure_change 6.800000 s step 34 press_max 950.33899000
first_force_nonzero 1.000000 s step 5 Fmag 0.20045300
