# Right wall impact diagnostics
# Right wall layers at x = 100.0, 100.5, 101.0 m; inner face = 100.0 m
# dp = 0.50000000 m
# Columns: step time_s front_x_m gap_to_inner_face_m rhop_max rhop_mean press_max press_mean force_time_s force_np force_x force_y force_z force_mag
0 0.000000 15.00000000 85.00000000 1700.00000000 1700.00000000 0.00000000 0.00000000 0.00000000 0.00000000 0.00000000 0.00000000 0.00000000 0.00000000
1 0.200000 15.26173200 84.73826800 1700.00000000 1700.00000000 0.00000000 0.00000000 0.20045300 0.00000000 0.00000000 0.00000000 0.00000000 0.00000000
2 0.400000 16.14076400 83.85923600 1700.00000000 1700.00000000 0.00000000 0.00000000 0.40020400 0.00000000 0.00000000 0.00000000 0.00000000 0.00000000
3 0.600000 17.46724700 82.53275300 1700.00000000 1700.00000000 0.00000000 0.00000000 0.60027200 0.00000000 0.00000000 0.00000000 0.00000000 0.00000000
4 0.800000 19.21901500 80.78098500 1700.00000000 1700.00000000 0.00000000 0.00000000 0.80031000 0.00000000 0.00000000 0.00000000 0.00000000 0.00000000
5 1.000000 21.44454600 78.55545400 1700.00000000 1700.00000000 0.00000000 0.00000000 1.00044300 0.00000000 0.00000000 0.00000000 0.00000000 0.00000000
6 1.200000 24.19663400 75.80336600 1700.00000000 1700.00000000 0.00000000 0.00000000 1.20016900 0.00000000 0.00000000 0.00000000 0.00000000 0.00000000
7 1.400000 27.26283800 72.73716200 1700.00000000 1700.00000000 0.00000000 0.00000000 1.40015100 0.00000000 0.00000000 0.00000000 0.00000000 0.00000000
8 1.600000 30.52656600 69.47343400 1700.00000000 1700.00000000 0.00000000 0.00000000 1.60041200 0.00000000 0.00000000 0.00000000 0.00000000 0.00000000
9 1.800000 34.00153000 65.99847000 1700.00000000 1700.00000000 0.00000000 0.00000000 1.80072500 0.00000000 0.00000000 0.00000000 0.00000000 0.00000000
10 2.000000 37.59249900 62.40750100 1700.00000000 1700.00000000 0.00000000 0.00000000 2.00006300 0.00000000 0.00000000 0.00000000 0.00000000 0.00000000
11 2.200000 41.22761500 58.77238500 1700.00000000 1700.00000000 0.00000000 0.00000000 2.20021300 0.00000000 0.00000000 0.00000000 0.00000000 0.00000000
12 2.400000 44.91959800 55.08040200 1700.00000000 1700.00000000 0.00000000 0.00000000 2.40067600 0.00000000 0.00000000 0.00000000 0.00000000 0.00000000
13 2.600000 48.47612000 51.52388000 1700.00000000 1700.00000000 0.00000000 0.00000000 2.60024700 0.00000000 0.00000000 0.00000000 0.00000000 0.00000000
14 2.800000 52.04074500 47.95925500 1700.00000000 1700.00000000 0.00000000 0.00000000 2.80057300 0.00000000 0.00000000 0.00000000 0.00000000 0.00000000
15 3.000000 55.55418800 44.44581200 1700.00000000 1700.00000000 0.00000000 0.00000000 3.00076000 0.00000000 0.00000000 0.00000000 0.00000000 0.00000000
16 3.200000 59.09969300 40.90030700 1700.00000000 1700.00000000 0.00000000 0.00000000 3.20033200 0.00000000 0.00000000 0.00000000 0.00000000 0.00000000
17 3.400000 62.48460000 37.51540000 1700.00000000 1700.00000000 0.00000000 0.00000000 3.40050900 0.00000000 0.00000000 0.00000000 0.00000000 0.00000000
18 3.600000 65.69376400 34.30623600 1700.00000000 1700.00000000 0.00000000 0.00000000 3.60065500 0.00000000 0.00000000 0.00000000 0.00000000 0.00000000
19 3.800000 68.78298200 31.21701800 1700.00000000 1700.00000000 0.00000000 0.00000000 3.80036100 0.00000000 0.00000000 0.00000000 0.00000000 0.00000000
20 4.000000 71.72421300 28.27578700 1700.00000000 1700.00000000 0.00000000 0.00000000 4.00053300 0.00000000 0.00000000 0.00000000 0.00000000 0.00000000
21 4.200000 74.52475000 25.47525000 1700.00000000 1700.00000000 0.00000000 0.00000000 4.20031000 0.00000000 0.00000000 0.00000000 0.00000000 0.00000000
22 4.400000 77.18521100 22.81478900 1700.00000000 1700.00000000 0.00000000 0.00000000 4.40035900 0.00000000 0.00000000 0.00000000 0.00000000 0.00000000
23 4.600000 79.74049400 20.25950600 1700.00000000 1700.00000000 0.00000000 0.00000000 4.60063600 0.00000000 0.00000000 0.00000000 0.00000000 0.00000000
24 4.800000 82.14447000 17.85553000 1700.00000000 1700.00000000 0.00000000 0.00000000 4.80037600 0.00000000 0.00000000 0.00000000 0.00000000 0.00000000
25 5.000000 84.41456600 15.58543400 1700.00000000 1700.00000000 0.00000000 0.00000000 5.00042800 0.00000000 0.00000000 0.00000000 0.00000000 0.00000000
26 5.200000 86.55535100 13.44464900 1700.00000000 1700.00000000 0.00000000 0.00000000 5.20075700 0.00000000 0.00000000 0.00000000 0.00000000 0.00000000
27 5.400000 88.52973200 11.47026800 1700.00000000 1700.00000000 0.00000000 0.00000000 5.40056600 0.00000000 0.00000000 0.00000000 0.00000000 0.00000000
28 5.600000 90.33744800 9.66255200 1700.00000000 1700.00000000 0.00000000 0.00000000 5.60058600 0.00000000 0.00000000 0.00000000 0.00000000 0.00000000
29 5.800000 91.97119100 8.02880900 1700.00000000 1700.00000000 0.00000000 0.00000000 5.80007100 0.00000000 0.00000000 0.00000000 0.00000000 0.00000000
30 6.000000 93.45700800 6.54299200 1700.00000000 1700.00000000 0.00000000 0.00000000 6.00067900 0.00000000 0.00000000 0.00000000 0.00000000 0.00000000
31 6.200000 94.79288500 5.20711500 1700.00000000 1700.00000000 0.00000000 0.00000000 6.20075900 0.00000000 0.00000000 0.00000000 0.00000000 0.00000000
32 6.400000 96.02299500 3.97700500 1700.00000000 1700.00000000 0.00000000 0.00000000 6.40038000 0.00000000 0.00000000 0.00000000 0.00000000 0.00000000
33 6.600000 97.11918600 2.88081400 1700.00000000 1700.00000000 0.00000000 0.00000000 6.60027700 0.00000000 0.00000000 0.00000000 0.00000000 0.00000000
34 6.800000 98.07699600 1.92300400 1700.03280000 1700.00013173 950.33899000 3.81662245 6.80044300 0.00000000 0.00000000 0.00000000 0.00000000 0.00000000
35 7.000000 98.89156300 1.10843700 1700.03280000 1700.00013173 950.33899000 3.81662245 7.00000500 0.00000000 0.00000000 0.00000000 0.00000000 0.00000000
36 7.200000 99.07833100 0.92166900 1700.03280000 1700.00013173 950.33899000 3.81662245 7.20059000 0.00000000 0.00000000 0.00000000 0.00000000 0.00000000
37 7.400000 99.08374800 0.91625200 1700.03280000 1700.00013173 950.33899000 3.81662245 7.40029700 0.00000000 0.00000000 0.00000000 0.00000000 0.00000000
38 7.600000 99.12072800 0.87927200 1700.03280000 1700.00013173 950.33899000 3.81662245 7.60022000 0.00000000 0.00000000 0.00000000 0.00000000 0.00000000
39 7.800000 99.11065700 0.88934300 1700.03280000 1700.00013173 950.33899000 3.81662245 7.80074700 0.00000000 0.00000000 0.00000000 0.00000000 0.00000000
40 8.000000 99.09503900 0.90496100 1700.03280000 1700.00013173 950.33899000 3.81662245 8.00069100 0.00000000 0.00000000 0.00000000 0.00000000 0.00000000
41 8.200000 99.08902700 0.91097300 1700.03280000 1700.00013173 950.33899000 3.81662245 8.20079400 0.00000000 0.00000000 0.00000000 0.00000000 0.00000000
42 8.400000 99.08052800 0.91947200 1700.03280000 1700.00013173 950.33899000 3.81662245 8.40008800 0.00000000 0.00000000 0.00000000 0.00000000 0.00000000
43 8.600000 99.07461500 0.92538500 1700.03280000 1700.00013173 950.33899000 3.81662245 8.60021100 0.00000000 0.00000000 0.00000000 0.00000000 0.00000000
44 8.800000 99.07077000 0.92923000 1700.03280000 1700.00013173 950.33899000 3.81662245 8.80034000 0.00000000 0.00000000 0.00000000 0.00000000 0.00000000
45 9.000000 99.06785600 0.93214400 1700.03280000 1700.00013173 950.33899000 3.81662245 9.00047300 0.00000000 0.00000000 0.00000000 0.00000000 0.00000000
46 9.200000 99.06586500 0.93413500 1700.03280000 1700.00013173 950.33899000 3.81662245 9.20061100 0.00000000 0.00000000 0.00000000 0.00000000 0.00000000
47 9.400000 99.06436900 0.93563100 1700.03280000 1700.00015341 950.33899000 4.44087245 9.40075300 0.00000000 0.00000000 0.00000000 0.00000000 0.00000000
48 9.600000 99.06321700 0.93678300 1700.12670000 1700.00064056 3667.71480000 18.54640076 9.60006700 0.00000000 0.00000000 0.00000000 0.00000000 0.00000000
49 9.800000 99.06227100 0.93772900 1700.18420000 1700.00087149 5332.50780000 25.23231643 9.80021700 0.00000000 0.00000000 0.00000000 0.00000000 0.00000000
50 10.000000 99.06145500 0.93854500 1700.11680000 1700.00060080 3381.44680000 17.39673008 10.00037100 0.00000000 0.00000000 0.00000000 0.00000000 0.00000000

# Inferred hit times
first_density_change 6.800000
first_pressure_change 6.800000
first_gap_le_2dp 7.200000
first_gap_le_1dp not_detected
first_force_nonzero_with_particles not_detected
