# Right wall scan using PartBound CSV
# Right wall defined as particles with x in {100.0, 100.5, 101.0} m
# Columns: step time_s rhop_min rhop_max rhop_mean press_min press_max press_mean
0 0.000000 1700.00000000 1700.00000000 1700.00000000 0.00000000 0.00000000 0.00000000
1 0.200000 1700.00000000 1700.00000000 1700.00000000 0.00000000 0.00000000 0.00000000
2 0.400000 1700.00000000 1700.00000000 1700.00000000 0.00000000 0.00000000 0.00000000
3 0.600000 1700.00000000 1700.00000000 1700.00000000 0.00000000 0.00000000 0.00000000
4 0.800000 1700.00000000 1700.00000000 1700.00000000 0.00000000 0.00000000 0.00000000
5 1.000000 1700.00000000 1700.00000000 1700.00000000 0.00000000 0.00000000 0.00000000
6 1.200000 1700.00000000 1700.00000000 1700.00000000 0.00000000 0.00000000 0.00000000
7 1.400000 1700.00000000 1700.00000000 1700.00000000 0.00000000 0.00000000 0.00000000
8 1.600000 1700.00000000 1700.00000000 1700.00000000 0.00000000 0.00000000 0.00000000
9 1.800000 1700.00000000 1700.00000000 1700.00000000 0.00000000 0.00000000 0.00000000
10 2.000000 1700.00000000 1700.00000000 1700.00000000 0.00000000 0.00000000 0.00000000
11 2.200000 1700.00000000 1700.00000000 1700.00000000 0.00000000 0.00000000 0.00000000
12 2.400000 1700.00000000 1700.00000000 1700.00000000 0.00000000 0.00000000 0.00000000
13 2.600000 1700.00000000 1700.00000000 1700.00000000 0.00000000 0.00000000 0.00000000
14 2.800000 1700.00000000 1700.00000000 1700.00000000 0.00000000 0.00000000 0.00000000
15 3.000000 1700.00000000 1700.00000000 1700.00000000 0.00000000 0.00000000 0.00000000
16 3.200000 1700.00000000 1700.00000000 1700.00000000 0.00000000 0.00000000 0.00000000
17 3.400000 1700.00000000 1700.00000000 1700.00000000 0.00000000 0.00000000 0.00000000
18 3.600000 1700.00000000 1700.00000000 1700.00000000 0.00000000 0.00000000 0.00000000
19 3.800000 1700.00000000 1700.00000000 1700.00000000 0.00000000 0.00000000 0.00000000
20 4.000000 1700.00000000 1700.00000000 1700.00000000 0.00000000 0.00000000 0.00000000
21 4.200000 1700.00000000 1700.00000000 1700.00000000 0.00000000 0.00000000 0.00000000
22 4.400000 1700.00000000 1700.00000000 1700.00000000 0.00000000 0.00000000 0.00000000
23 4.600000 1700.00000000 1700.00000000 1700.00000000 0.00000000 0.00000000 0.00000000
24 4.800000 1700.00000000 1700.00000000 1700.00000000 0.00000000 0.00000000 0.00000000
25 5.000000 1700.00000000 1700.00000000 1700.00000000 0.00000000 0.00000000 0.00000000
26 5.200000 1700.00000000 1700.00000000 1700.00000000 0.00000000 0.00000000 0.00000000
27 5.400000 1700.00000000 1700.00000000 1700.00000000 0.00000000 0.00000000 0.00000000
28 5.600000 1700.00000000 1700.00000000 1700.00000000 0.00000000 0.00000000 0.00000000
29 5.800000 1700.00000000 1700.00000000 1700.00000000 0.00000000 0.00000000 0.00000000
30 6.000000 1700.00000000 1700.00000000 1700.00000000 0.00000000 0.00000000 0.00000000
31 6.200000 1700.00000000 1700.00000000 1700.00000000 0.00000000 0.00000000 0.00000000
32 6.400000 1700.00000000 1700.00000000 1700.00000000 0.00000000 0.00000000 0.00000000
33 6.600000 1700.00000000 1700.00000000 1700.00000000 0.00000000 0.00000000 0.00000000
34 6.800000 1700.00000000 1700.03280000 1700.00013173 0.00000000 950.33899000 3.81662245
35 7.000000 1700.00000000 1700.03280000 1700.00013173 0.00000000 950.33899000 3.81662245
36 7.200000 1700.00000000 1700.03280000 1700.00013173 0.00000000 950.33899000 3.81662245
37 7.400000 1700.00000000 1700.03280000 1700.00013173 0.00000000 950.33899000 3.81662245
38 7.600000 1700.00000000 1700.03280000 1700.00013173 0.00000000 950.33899000 3.81662245
39 7.800000 1700.00000000 1700.03280000 1700.00013173 0.00000000 950.33899000 3.81662245
40 8.000000 1700.00000000 1700.03280000 1700.00013173 0.00000000 950.33899000 3.81662245
41 8.200000 1700.00000000 1700.03280000 1700.00013173 0.00000000 950.33899000 3.81662245
42 8.400000 1700.00000000 1700.03280000 1700.00013173 0.00000000 950.33899000 3.81662245
43 8.600000 1700.00000000 1700.03280000 1700.00013173 0.00000000 950.33899000 3.81662245
44 8.800000 1700.00000000 1700.03280000 1700.00013173 0.00000000 950.33899000 3.81662245
45 9.000000 1700.00000000 1700.03280000 1700.00013173 0.00000000 950.33899000 3.81662245
46 9.200000 1700.00000000 1700.03280000 1700.00013173 0.00000000 950.33899000 3.81662245
47 9.400000 1700.00000000 1700.03280000 1700.00015341 0.00000000 950.33899000 4.44087245
48 9.600000 1700.00000000 1700.12670000 1700.00064056 0.00000000 3667.71480000 18.54640076
49 9.800000 1700.00000000 1700.18420000 1700.00087149 0.00000000 5332.50780000 25.23231643
50 10.000000 1700.00000000 1700.11680000 1700.00060080 0.00000000 3381.44680000 17.39673008
