# Run-off distance vs time
# Definition: farthest fluid particle x-position at time t minus initial farthest fluid x-position at t=0
# Initial x-range at t=0: [0.50000000, 15.00000000] m
# Columns: step time_s farthest_x_m runoff_distance_m
0 0.000000 15.00000000 0.00000000
1 0.200000 15.26173200 0.26173200
2 0.400000 16.14076400 1.14076400
3 0.600000 17.46724700 2.46724700
4 0.800000 19.21901500 4.21901500
5 1.000000 21.44454600 6.44454600
6 1.200000 24.19663400 9.19663400
7 1.400000 27.26283800 12.26283800
8 1.600000 30.52656600 15.52656600
9 1.800000 34.00153000 19.00153000
10 2.000000 37.59249900 22.59249900
11 2.200000 41.22761500 26.22761500
12 2.400000 44.91959800 29.91959800
13 2.600000 48.47612000 33.47612000
14 2.800000 52.04074500 37.04074500
15 3.000000 55.55418800 40.55418800
16 3.200000 59.09969300 44.09969300
17 3.400000 62.48460000 47.48460000
18 3.600000 65.69376400 50.69376400
19 3.800000 68.78298200 53.78298200
20 4.000000 71.72421300 56.72421300
21 4.200000 74.52475000 59.52475000
22 4.400000 77.18521100 62.18521100
23 4.600000 79.74049400 64.74049400
24 4.800000 82.14447000 67.14447000
25 5.000000 84.41456600 69.41456600
26 5.200000 86.55535100 71.55535100
27 5.400000 88.52973200 73.52973200
28 5.600000 90.33744800 75.33744800
29 5.800000 91.97119100 76.97119100
30 6.000000 93.45700800 78.45700800
31 6.200000 94.79288500 79.79288500
32 6.400000 96.02299500 81.02299500
33 6.600000 97.11918600 82.11918600
34 6.800000 98.07699600 83.07699600
35 7.000000 98.89156300 83.89156300
36 7.200000 99.07833100 84.07833100
37 7.400000 99.08374800 84.08374800
38 7.600000 99.12072800 84.12072800
39 7.800000 99.11065700 84.11065700
40 8.000000 99.09503900 84.09503900
41 8.200000 99.08902700 84.08902700
42 8.400000 99.08052800 84.08052800
43 8.600000 99.07461500 84.07461500
44 8.800000 99.07077000 84.07077000
45 9.000000 99.06785600 84.06785600
46 9.200000 99.06586500 84.06586500
47 9.400000 99.06436900 84.06436900
48 9.600000 99.06321700 84.06321700
49 9.800000 99.06227100 84.06227100
50 10.000000 99.06145500 84.06145500
