# Debris surge height near right wall vs time
# Right wall inner face x = 100.00000000 m
# Near-wall window: x in [98.00000000, 100.00000000] m
# Surge height definition: maximum fluid particle z within near-wall window
# Columns: step time_s surge_height_m near_wall_particle_count
0 0.000000 nan 0
1 0.200000 nan 0
2 0.400000 nan 0
3 0.600000 nan 0
4 0.800000 nan 0
5 1.000000 nan 0
6 1.200000 nan 0
7 1.400000 nan 0
8 1.600000 nan 0
9 1.800000 nan 0
10 2.000000 nan 0
11 2.200000 nan 0
12 2.400000 nan 0
13 2.600000 nan 0
14 2.800000 nan 0
15 3.000000 nan 0
16 3.200000 nan 0
17 3.400000 nan 0
18 3.600000 nan 0
19 3.800000 nan 0
20 4.000000 nan 0
21 4.200000 nan 0
22 4.400000 nan 0
23 4.600000 nan 0
24 4.800000 nan 0
25 5.000000 nan 0
26 5.200000 nan 0
27 5.400000 nan 0
28 5.600000 nan 0
29 5.800000 nan 0
30 6.000000 nan 0
31 6.200000 nan 0
32 6.400000 nan 0
33 6.600000 nan 0
34 6.800000 1.39739630 1
35 7.000000 2.41294550 7
36 7.200000 2.69088580 12
37 7.400000 3.29738520 13
38 7.600000 3.58384940 14
39 7.800000 3.68596010 14
40 8.000000 3.72103360 14
41 8.200000 3.73653100 14
42 8.400000 3.74685410 14
43 8.600000 3.74965430 14
44 8.800000 3.74972030 14
45 9.000000 3.74819230 14
46 9.200000 3.74577640 14
47 9.400000 3.74301360 14
48 9.600000 3.74015780 14
49 9.800000 3.73733710 14
50 10.000000 3.73463130 14
