# Estimated debris hit time on right wall
# Right wall x = 101.00000000 m
# Estimated dp = 0.50000000 m
# Near-contact thresholds: 1dp=0.50000000 m, 2dp=1.00000000 m
# Baseline right-wall mean rhop = 1700.00000000 kg/m^3
# Baseline right-wall mean press = 0.00000000 Pa
# Response thresholds: Δrhop_mean >= 1.00000000, Δpress_mean >= 1.00000000
# Columns: step time_s front_x_m gap_m wall_rhop_mean wall_rhop_max wall_press_mean wall_press_max delta_rhop_mean delta_press_mean
0 0.000000 15.00000000 86.00000000 1700.00000000 1700.00000000 0.00000000 0.00000000 0.00000000 0.00000000
1 0.200000 15.26173200 85.73826800 1700.00000000 1700.00000000 0.00000000 0.00000000 0.00000000 0.00000000
2 0.400000 16.14076400 84.85923600 1700.00000000 1700.00000000 0.00000000 0.00000000 0.00000000 0.00000000
3 0.600000 17.46724700 83.53275300 1700.00000000 1700.00000000 0.00000000 0.00000000 0.00000000 0.00000000
4 0.800000 19.21901500 81.78098500 1700.00000000 1700.00000000 0.00000000 0.00000000 0.00000000 0.00000000
5 1.000000 21.44454600 79.55545400 1700.00000000 1700.00000000 0.00000000 0.00000000 0.00000000 0.00000000
6 1.200000 24.19663400 76.80336600 1700.00000000 1700.00000000 0.00000000 0.00000000 0.00000000 0.00000000
7 1.400000 27.26283800 73.73716200 1700.00000000 1700.00000000 0.00000000 0.00000000 0.00000000 0.00000000
8 1.600000 30.52656600 70.47343400 1700.00000000 1700.00000000 0.00000000 0.00000000 0.00000000 0.00000000
9 1.800000 34.00153000 66.99847000 1700.00000000 1700.00000000 0.00000000 0.00000000 0.00000000 0.00000000
10 2.000000 37.59249900 63.40750100 1700.00000000 1700.00000000 0.00000000 0.00000000 0.00000000 0.00000000
11 2.200000 41.22761500 59.77238500 1700.00000000 1700.00000000 0.00000000 0.00000000 0.00000000 0.00000000
12 2.400000 44.91959800 56.08040200 1700.00000000 1700.00000000 0.00000000 0.00000000 0.00000000 0.00000000
13 2.600000 48.47612000 52.52388000 1700.00000000 1700.00000000 0.00000000 0.00000000 0.00000000 0.00000000
14 2.800000 52.04074500 48.95925500 1700.00000000 1700.00000000 0.00000000 0.00000000 0.00000000 0.00000000
15 3.000000 55.55418800 45.44581200 1700.00000000 1700.00000000 0.00000000 0.00000000 0.00000000 0.00000000
16 3.200000 59.09969300 41.90030700 1700.00000000 1700.00000000 0.00000000 0.00000000 0.00000000 0.00000000
17 3.400000 62.48460000 38.51540000 1700.00000000 1700.00000000 0.00000000 0.00000000 0.00000000 0.00000000
18 3.600000 65.69376400 35.30623600 1700.00000000 1700.00000000 0.00000000 0.00000000 0.00000000 0.00000000
19 3.800000 68.78298200 32.21701800 1700.00000000 1700.00000000 0.00000000 0.00000000 0.00000000 0.00000000
20 4.000000 71.72421300 29.27578700 1700.00000000 1700.00000000 0.00000000 0.00000000 0.00000000 0.00000000
21 4.200000 74.52475000 26.47525000 1700.00000000 1700.00000000 0.00000000 0.00000000 0.00000000 0.00000000
22 4.400000 77.18521100 23.81478900 1700.00000000 1700.00000000 0.00000000 0.00000000 0.00000000 0.00000000
23 4.600000 79.74049400 21.25950600 1700.00000000 1700.00000000 0.00000000 0.00000000 0.00000000 0.00000000
24 4.800000 82.14447000 18.85553000 1700.00000000 1700.00000000 0.00000000 0.00000000 0.00000000 0.00000000
25 5.000000 84.41456600 16.58543400 1700.00000000 1700.00000000 0.00000000 0.00000000 0.00000000 0.00000000
26 5.200000 86.55535100 14.44464900 1700.00000000 1700.00000000 0.00000000 0.00000000 0.00000000 0.00000000
27 5.400000 88.52973200 12.47026800 1700.00000000 1700.00000000 0.00000000 0.00000000 0.00000000 0.00000000
28 5.600000 90.33744800 10.66255200 1700.00000000 1700.00000000 0.00000000 0.00000000 0.00000000 0.00000000
29 5.800000 91.97119100 9.02880900 1700.00000000 1700.00000000 0.00000000 0.00000000 0.00000000 0.00000000
30 6.000000 93.45700800 7.54299200 1700.00000000 1700.00000000 0.00000000 0.00000000 0.00000000 0.00000000
31 6.200000 94.79288500 6.20711500 1700.00000000 1700.00000000 0.00000000 0.00000000 0.00000000 0.00000000
32 6.400000 96.02299500 4.97700500 1700.00000000 1700.00000000 0.00000000 0.00000000 0.00000000 0.00000000
33 6.600000 97.11918600 3.88081400 1700.00000000 1700.00000000 0.00000000 0.00000000 0.00000000 0.00000000
34 6.800000 98.07699600 2.92300400 1700.00000000 1700.00000000 0.00000000 0.00000000 0.00000000 0.00000000
35 7.000000 98.89156300 2.10843700 1700.00000000 1700.00000000 0.00000000 0.00000000 0.00000000 0.00000000
36 7.200000 99.07833100 1.92166900 1700.00000000 1700.00000000 0.00000000 0.00000000 0.00000000 0.00000000
37 7.400000 99.08374800 1.91625200 1700.00000000 1700.00000000 0.00000000 0.00000000 0.00000000 0.00000000
38 7.600000 99.12072800 1.87927200 1700.00000000 1700.00000000 0.00000000 0.00000000 0.00000000 0.00000000
39 7.800000 99.11065700 1.88934300 1700.00000000 1700.00000000 0.00000000 0.00000000 0.00000000 0.00000000
40 8.000000 99.09503900 1.90496100 1700.00000000 1700.00000000 0.00000000 0.00000000 0.00000000 0.00000000
41 8.200000 99.08902700 1.91097300 1700.00000000 1700.00000000 0.00000000 0.00000000 0.00000000 0.00000000
42 8.400000 99.08052800 1.91947200 1700.00000000 1700.00000000 0.00000000 0.00000000 0.00000000 0.00000000
43 8.600000 99.07461500 1.92538500 1700.00000000 1700.00000000 0.00000000 0.00000000 0.00000000 0.00000000
44 8.800000 99.07077000 1.92923000 1700.00000000 1700.00000000 0.00000000 0.00000000 0.00000000 0.00000000
45 9.000000 99.06785600 1.93214400 1700.00000000 1700.00000000 0.00000000 0.00000000 0.00000000 0.00000000
46 9.200000 99.06586500 1.93413500 1700.00000000 1700.00000000 0.00000000 0.00000000 0.00000000 0.00000000
47 9.400000 99.06436900 1.93563100 1700.00000000 1700.00000000 0.00000000 0.00000000 0.00000000 0.00000000
48 9.600000 99.06321700 1.93678300 1700.00000000 1700.00000000 0.00000000 0.00000000 0.00000000 0.00000000
49 9.800000 99.06227100 1.93772900 1700.00000000 1700.00000000 0.00000000 0.00000000 0.00000000 0.00000000
50 10.000000 99.06145500 1.93854500 1700.00000000 1700.00000000 0.00000000 0.00000000 0.00000000 0.00000000

# Key times
first_gap_le_2dp not_reached
first_gap_le_1dp not_reached
first_rhop_response not_detected
first_press_response not_detected
combined_hit_time not_detected
