Boundary x-levels (unique, rounded):
-1.000000 -0.500000 0.000000 0.500000 1.000000 1.500000 2.000000 2.500000 3.000000 3.500000 4.000000 4.500000 5.000000 5.500000 6.000000 6.500000 7.000000 7.500000 8.000000 8.500000 9.000000 9.500000 10.000000 10.500000 11.000000 11.500000 12.000000 12.500000 13.000000 13.500000 14.000000 14.500000 15.000000 15.500000 16.000000 16.500000 17.000000 17.500000 18.000000 18.500000 19.000000 19.500000 20.000000 20.500000 21.000000 21.500000 22.000000 22.500000 23.000000 23.500000 24.000000 24.500000 25.000000 25.500000 26.000000 26.500000 27.000000 27.500000 28.000000 28.500000 29.000000 29.500000 30.000000 30.500000 31.000000 31.500000 32.000000 32.500000 33.000000 33.500000 34.000000 34.500000 35.000000 35.500000 36.000000 36.500000 37.000000 37.500000 38.000000 38.500000 39.000000 39.500000 40.000000 40.500000 41.000000 41.500000 42.000000 42.500000 43.000000 43.500000 44.000000 44.500000 45.000000 45.500000 46.000000 46.500000 47.000000 47.500000 48.000000 48.500000 49.000000 49.500000 50.000000 50.500000 51.000000 51.500000 52.000000 52.500000 53.000000 53.500000 54.000000 54.500000 55.000000 55.500000 56.000000 56.500000 57.000000 57.500000 58.000000 58.500000 59.000000 59.500000 60.000000 60.500000 61.000000 61.500000 62.000000 62.500000 63.000000 63.500000 64.000000 64.500000 65.000000 65.500000 66.000000 66.500000 67.000000 67.500000 68.000000 68.500000 69.000000 69.500000 70.000000 70.500000 71.000000 71.500000 72.000000 72.500000 73.000000 73.500000 74.000000 74.500000 75.000000 75.500000 76.000000 76.500000 77.000000 77.500000 78.000000 78.500000 79.000000 79.500000 80.000000 80.500000 81.000000 81.500000 82.000000 82.500000 83.000000 83.500000 84.000000 84.500000 85.000000 85.500000 86.000000 86.500000 87.000000 87.500000 88.000000 88.500000 89.000000 89.500000 90.000000 90.500000 91.000000 91.500000 92.000000 92.500000 93.000000 93.500000 94.000000 94.500000 95.000000 95.500000 96.000000 96.500000 97.000000 97.500000 98.000000 98.500000 99.000000 99.500000 100.000000 100.500000 101.000000

Chosen right wall inner surface x = 100.500000
Chosen right wall outer surface x = 101.000000
Estimated wall thickness in x = 0.500000

step time_s fluid_front_x_m right_inner_x_m right_outer_x_m gap_to_inner_m gap_to_outer_m
0 0.000000 15.000000 100.500000 101.000000 85.500000 86.000000
1 0.200000 15.261732 100.500000 101.000000 85.238268 85.738268
2 0.400000 16.140764 100.500000 101.000000 84.359236 84.859236
3 0.600000 17.467247 100.500000 101.000000 83.032753 83.532753
4 0.800000 19.219015 100.500000 101.000000 81.280985 81.780985
5 1.000000 21.444546 100.500000 101.000000 79.055454 79.555454
6 1.200000 24.196634 100.500000 101.000000 76.303366 76.803366
7 1.400000 27.262838 100.500000 101.000000 73.237162 73.737162
8 1.600000 30.526566 100.500000 101.000000 69.973434 70.473434
9 1.800000 34.001530 100.500000 101.000000 66.498470 66.998470
10 2.000000 37.592499 100.500000 101.000000 62.907501 63.407501
11 2.200000 41.227615 100.500000 101.000000 59.272385 59.772385
12 2.400000 44.919598 100.500000 101.000000 55.580402 56.080402
13 2.600000 48.476120 100.500000 101.000000 52.023880 52.523880
14 2.800000 52.040745 100.500000 101.000000 48.459255 48.959255
15 3.000000 55.554188 100.500000 101.000000 44.945812 45.445812
16 3.200000 59.099693 100.500000 101.000000 41.400307 41.900307
17 3.400000 62.484600 100.500000 101.000000 38.015400 38.515400
18 3.600000 65.693764 100.500000 101.000000 34.806236 35.306236
19 3.800000 68.782982 100.500000 101.000000 31.717018 32.217018
20 4.000000 71.724213 100.500000 101.000000 28.775787 29.275787
21 4.200000 74.524750 100.500000 101.000000 25.975250 26.475250
22 4.400000 77.185211 100.500000 101.000000 23.314789 23.814789
23 4.600000 79.740494 100.500000 101.000000 20.759506 21.259506
24 4.800000 82.144470 100.500000 101.000000 18.355530 18.855530
25 5.000000 84.414566 100.500000 101.000000 16.085434 16.585434
26 5.200000 86.555351 100.500000 101.000000 13.944649 14.444649
27 5.400000 88.529732 100.500000 101.000000 11.970268 12.470268
28 5.600000 90.337448 100.500000 101.000000 10.162552 10.662552
29 5.800000 91.971191 100.500000 101.000000 8.528809 9.028809
30 6.000000 93.457008 100.500000 101.000000 7.042992 7.542992
31 6.200000 94.792885 100.500000 101.000000 5.707115 6.207115
32 6.400000 96.022995 100.500000 101.000000 4.477005 4.977005
33 6.600000 97.119186 100.500000 101.000000 3.380814 3.880814
34 6.800000 98.076996 100.500000 101.000000 2.423004 2.923004
35 7.000000 98.891563 100.500000 101.000000 1.608437 2.108437
36 7.200000 99.078331 100.500000 101.000000 1.421669 1.921669
37 7.400000 99.083748 100.500000 101.000000 1.416252 1.916252
38 7.600000 99.120728 100.500000 101.000000 1.379272 1.879272
39 7.800000 99.110657 100.500000 101.000000 1.389343 1.889343
40 8.000000 99.095039 100.500000 101.000000 1.404961 1.904961
41 8.200000 99.089027 100.500000 101.000000 1.410973 1.910973
42 8.400000 99.080528 100.500000 101.000000 1.419472 1.919472
43 8.600000 99.074615 100.500000 101.000000 1.425385 1.925385
44 8.800000 99.070770 100.500000 101.000000 1.429230 1.929230
45 9.000000 99.067856 100.500000 101.000000 1.432144 1.932144
46 9.200000 99.065865 100.500000 101.000000 1.434135 1.934135
47 9.400000 99.064369 100.500000 101.000000 1.435631 1.935631
48 9.600000 99.063217 100.500000 101.000000 1.436783 1.936783
49 9.800000 99.062271 100.500000 101.000000 1.437729 1.937729
50 10.000000 99.061455 100.500000 101.000000 1.438545 1.938545

No hit detected against the inner wall surface within available outputs.
